Car -1 -1 -0.001239 829.344849 17.876280 1868.882202 491.958832 1.635908 1.652169 4.242336 6.477486 1.143772 6.389390 0.791006 0.001821
Car -1 -1 0.002729 810.763672 -2.457483 1882.943970 464.460571 1.654162 1.681133 4.389956 6.535183 0.985737 6.507500 0.790249 0.001702
Car -1 -1 0.496263 794.031799 375.216400 1718.016846 973.891174 1.526299 1.251527 2.796407 4.323440 3.959921 5.413088 1.170211 0.001489
Car -1 -1 0.495052 846.441956 40.047760 1841.663330 520.720276 1.626901 1.595023 4.011138 6.396248 1.332009 6.312776 1.287018 0.001454
Car -1 -1 0.413882 1101.847778 130.834137 1496.317261 327.903381 1.558886 1.442602 3.440024 13.608947 1.509051 13.904146 1.188551 0.001434
Car -1 -1 -0.487732 -640.228088 -12.235958 476.152863 456.706451 1.729545 1.660387 4.090353 -6.156312 0.884885 6.830599 -1.221257 0.001352
Car -1 -1 0.490646 868.362976 90.005859 1815.572510 574.541748 1.599628 1.498147 3.601677 6.216860 1.745624 6.130362 1.283049 0.001281
Car -1 -1 0.488394 869.061462 114.800621 1816.235840 600.887695 1.587316 1.474246 3.489810 6.094254 1.950577 6.029925 1.279098 0.001258
Car -1 -1 0.419143 1108.660645 150.990753 1487.465332 354.297272 1.559525 1.375065 3.228424 13.322483 1.927126 13.613034 1.193755 0.001206
Car -1 -1 0.489264 862.491699 66.049828 1822.732056 547.022034 1.611304 1.535291 3.769960 6.324489 1.537345 6.225381 1.282559 0.001206
Car -1 -1 0.413190 1095.781738 110.664047 1500.560181 301.829193 1.567921 1.486494 3.553189 13.879334 1.090375 14.220666 1.186441 0.001188
Car -1 -1 0.485992 863.364197 139.835098 1822.595581 628.050659 1.587173 1.461952 3.414975 5.967190 2.162277 5.935481 1.274055 0.001157
Car -1 -1 0.428515 1112.584473 171.926559 1482.895508 379.093811 1.551777 1.325086 3.056023 13.074056 2.330728 13.369313 1.202748 0.001088
Car -1 -1 0.015818 800.411926 -21.014185 1880.206299 438.434784 1.676262 1.688561 4.447705 6.562146 0.833496 6.640864 0.795254 0.001061
Car -1 -1 0.431548 1114.748657 194.546539 1480.923828 403.031982 1.543301 1.304592 2.954045 12.928633 2.747723 13.229931 1.205428 0.001060
Car -1 -1 0.424962 1114.547119 217.683105 1481.202515 425.961121 1.532023 1.296941 2.898941 12.800594 3.158162 13.118692 1.198088 0.001002
Car -1 -1 0.476471 855.327271 165.643677 1833.256958 655.939636 1.591355 1.452800 3.354893 5.870232 2.382968 5.873897 1.261557 0.000986
Car -1 -1 -0.481448 -647.723999 -27.949690 490.533051 429.119873 1.735036 1.673160 4.203673 -6.183809 0.730220 6.918942 -1.210800 0.000919
Car -1 -1 -0.358917 1130.509399 148.412109 1446.919067 312.690125 1.546720 1.464718 3.405446 15.564850 1.704116 16.064727 0.410679 0.000895
Car -1 -1 0.423047 1133.824707 168.818680 1441.516479 338.492401 1.548681 1.402643 3.214867 15.167415 2.182921 15.667891 1.192216 0.000878
Car -1 -1 0.502804 801.476807 362.123352 1793.751099 948.987244 1.528543 1.349760 2.945203 4.524200 3.860883 5.454476 1.195244 0.000869
Car -1 -1 0.428200 1136.956055 212.373978 1437.282471 384.876251 1.531785 1.343146 2.978656 14.798686 3.123079 15.325579 1.196109 0.000857
Car -1 -1 0.668132 414.374023 321.461090 1426.468750 875.410156 1.624410 1.336525 3.266610 1.578445 3.604682 5.631291 0.941418 0.000842
Car -1 -1 0.486789 779.335938 356.699921 1910.072021 932.275208 1.571181 1.438886 3.211566 4.925861 3.862891 5.568569 1.211021 0.000838
Car -1 -1 -0.483305 -598.956421 11.594653 455.935699 484.989166 1.724096 1.623534 3.866830 -6.208512 1.097711 6.787312 -1.224195 0.000836
Car -1 -1 0.433159 1135.331421 189.744003 1438.266479 362.293304 1.540715 1.360444 3.058112 14.866627 2.639907 15.381999 1.201521 0.000832
Car -1 -1 0.668222 420.966614 335.895294 1446.753662 896.030823 1.591305 1.358197 3.265606 1.613099 3.667915 5.579054 0.949681 0.000822
Car -1 -1 0.432251 1137.343018 235.337189 1437.494019 406.677765 1.520487 1.338673 2.937568 14.761395 3.605282 15.306041 1.199537 0.000817
Car -1 -1 0.508758 761.347534 362.048859 1832.337646 943.698181 1.543831 1.415824 3.150295 4.489589 3.857433 5.509459 1.192511 0.000817
Car -1 -1 0.678220 403.503357 334.830994 1427.160767 894.289429 1.592124 1.359895 3.285936 1.466135 3.670982 5.614916 0.933632 0.000767
Car -1 -1 0.435945 1113.221558 240.988144 1482.348511 448.915649 1.528936 1.287282 2.850232 12.718596 3.579184 13.062298 1.208012 0.000765
